{
 "chain_iptm": [
  0.68,
  0.68,
  0.58,
  0.57,
  0.35,
  0.41,
  0.4,
  0.35,
  0.49,
  0.49
 ],
 "chain_pair_iptm": [
  [
   0.74,
   0.76,
   0.72,
   0.66,
   0.59,
   0.6,
   0.58,
   0.57,
   0.85,
   0.78
  ],
  [
   0.76,
   0.74,
   0.66,
   0.72,
   0.59,
   0.6,
   0.58,
   0.59,
   0.78,
   0.85
  ],
  [
   0.72,
   0.66,
   0.63,
   0.52,
   0.41,
   0.49,
   0.45,
   0.42,
   0.84,
   0.7
  ],
  [
   0.66,
   0.72,
   0.52,
   0.63,
   0.43,
   0.46,
   0.45,
   0.39,
   0.69,
   0.83
  ],
  [
   0.59,
   0.59,
   0.41,
   0.43,
   0.21,
   0.36,
   0.21,
   0.23,
   0.19,
   0.16
  ],
  [
   0.6,
   0.6,
   0.49,
   0.46,
   0.36,
   0.26,
   0.31,
   0.23,
   0.46,
   0.23
  ],
  [
   0.58,
   0.58,
   0.45,
   0.45,
   0.21,
   0.31,
   0.26,
   0.31,
   0.26,
   0.48
  ],
  [
   0.57,
   0.59,
   0.42,
   0.39,
   0.23,
   0.23,
   0.31,
   0.22,
   0.2,
   0.24
  ],
  [
   0.85,
   0.78,
   0.84,
   0.69,
   0.19,
   0.46,
   0.26,
   0.2,
   0.01,
   0.12
  ],
  [
   0.78,
   0.85,
   0.7,
   0.83,
   0.16,
   0.23,
   0.48,
   0.24,
   0.12,
   0.01
  ]
 ],
 "chain_pair_pae_min": [
  [
   0.76,
   1.56,
   1.3,
   1.75,
   4.65,
   4.62,
   3.71,
   3.43,
   2.07,
   3.59
  ],
  [
   1.61,
   0.76,
   1.74,
   1.31,
   4.04,
   3.97,
   4.12,
   3.76,
   3.74,
   2.11
  ],
  [
   1.38,
   1.85,
   0.76,
   4.44,
   8.44,
   7.16,
   7.31,
   7.97,
   2.74,
   4.44
  ],
  [
   1.87,
   1.39,
   4.41,
   0.76,
   8.27,
   7.41,
   7.04,
   8.13,
   4.51,
   2.74
  ],
  [
   4.57,
   3.66,
   8.19,
   8.42,
   0.79,
   3.16,
   7.62,
   4.49,
   7.25,
   8.57
  ],
  [
   3.12,
   3.39,
   5.39,
   5.44,
   2.48,
   0.8,
   4.21,
   8.37,
   5.39,
   8.67
  ],
  [
   3.23,
   3.12,
   5.23,
   5.41,
   9.21,
   4.27,
   0.8,
   2.73,
   8.31,
   5.64
  ],
  [
   3.77,
   4.78,
   8.05,
   8.73,
   5.17,
   7.68,
   2.8,
   0.79,
   8.63,
   7.07
  ],
  [
   2.34,
   4.04,
   3.08,
   3.82,
   7.62,
   5.14,
   7.93,
   9.19,
   0.8,
   5.05
  ],
  [
   4.1,
   2.34,
   3.88,
   3.15,
   9.42,
   8.09,
   5.23,
   7.57,
   5.01,
   0.8
  ]
 ],
 "chain_ptm": [
  0.74,
  0.74,
  0.63,
  0.63,
  0.21,
  0.26,
  0.26,
  0.22,
  0.01,
  0.01
 ],
 "fraction_disordered": 0.1,
 "has_clash": 0.0,
 "iptm": 0.73,
 "num_recycles": 10.0,
 "ptm": 0.75,
 "ranking_score": 0.78
}