{
 "chain_iptm": [
  0.65,
  0.66,
  0.55,
  0.55,
  0.34,
  0.32,
  0.32,
  0.33,
  0.46,
  0.46
 ],
 "chain_pair_iptm": [
  [
   0.74,
   0.76,
   0.72,
   0.66,
   0.59,
   0.48,
   0.49,
   0.56,
   0.84,
   0.77
  ],
  [
   0.76,
   0.74,
   0.67,
   0.72,
   0.61,
   0.49,
   0.48,
   0.58,
   0.77,
   0.83
  ],
  [
   0.72,
   0.67,
   0.63,
   0.54,
   0.38,
   0.36,
   0.38,
   0.39,
   0.82,
   0.69
  ],
  [
   0.66,
   0.72,
   0.54,
   0.63,
   0.4,
   0.39,
   0.35,
   0.38,
   0.69,
   0.82
  ],
  [
   0.59,
   0.61,
   0.38,
   0.4,
   0.21,
   0.34,
   0.18,
   0.22,
   0.17,
   0.16
  ],
  [
   0.48,
   0.49,
   0.36,
   0.39,
   0.34,
   0.2,
   0.2,
   0.18,
   0.19,
   0.29
  ],
  [
   0.49,
   0.48,
   0.38,
   0.35,
   0.18,
   0.2,
   0.2,
   0.29,
   0.32,
   0.22
  ],
  [
   0.56,
   0.58,
   0.39,
   0.38,
   0.22,
   0.18,
   0.29,
   0.22,
   0.19,
   0.21
  ],
  [
   0.84,
   0.77,
   0.82,
   0.69,
   0.17,
   0.19,
   0.32,
   0.19,
   0.01,
   0.12
  ],
  [
   0.77,
   0.83,
   0.69,
   0.82,
   0.16,
   0.29,
   0.22,
   0.21,
   0.12,
   0.01
  ]
 ],
 "chain_pair_pae_min": [
  [
   0.76,
   1.52,
   1.27,
   1.65,
   4.73,
   7.23,
   5.69,
   3.86,
   2.07,
   3.9
  ],
  [
   1.58,
   0.76,
   1.63,
   1.28,
   3.9,
   5.74,
   5.58,
   4.18,
   3.96,
   2.11
  ],
  [
   1.35,
   1.79,
   0.76,
   4.28,
   8.3,
   11.83,
   10.44,
   8.23,
   2.86,
   4.42
  ],
  [
   1.79,
   1.36,
   4.37,
   0.76,
   8.11,
   10.35,
   11.27,
   8.49,
   4.38,
   2.85
  ],
  [
   4.84,
   4.55,
   9.18,
   8.76,
   0.79,
   3.37,
   12.03,
   5.37,
   9.06,
   9.96
  ],
  [
   6.83,
   5.22,
   7.42,
   7.92,
   3.04,
   0.8,
   9.99,
   12.05,
   10.79,
   7.71
  ],
  [
   5.15,
   6.26,
   8.4,
   6.41,
   13.53,
   9.21,
   0.8,
   2.96,
   7.48,
   10.68
  ],
  [
   5.12,
   4.81,
   8.34,
   9.46,
   5.55,
   11.57,
   3.06,
   0.79,
   9.99,
   8.89
  ],
  [
   2.71,
   4.12,
   3.43,
   3.79,
   7.81,
   8.88,
   10.51,
   9.56,
   0.8,
   5.36
  ],
  [
   4.16,
   2.74,
   3.84,
   3.35,
   9.47,
   9.88,
   8.91,
   8.31,
   5.37,
   0.8
  ]
 ],
 "chain_ptm": [
  0.74,
  0.74,
  0.63,
  0.63,
  0.21,
  0.2,
  0.2,
  0.22,
  0.01,
  0.01
 ],
 "fraction_disordered": 0.1,
 "has_clash": 0.0,
 "iptm": 0.73,
 "num_recycles": 10.0,
 "ptm": 0.75,
 "ranking_score": 0.78
}