{
 "chain_iptm": [
  0.68,
  0.68,
  0.58,
  0.57,
  0.36,
  0.42,
  0.4,
  0.35,
  0.49,
  0.49
 ],
 "chain_pair_iptm": [
  [
   0.74,
   0.75,
   0.72,
   0.66,
   0.59,
   0.6,
   0.58,
   0.58,
   0.85,
   0.78
  ],
  [
   0.75,
   0.73,
   0.65,
   0.72,
   0.6,
   0.6,
   0.58,
   0.6,
   0.78,
   0.84
  ],
  [
   0.72,
   0.65,
   0.63,
   0.52,
   0.41,
   0.49,
   0.44,
   0.42,
   0.83,
   0.7
  ],
  [
   0.66,
   0.72,
   0.52,
   0.63,
   0.43,
   0.46,
   0.44,
   0.39,
   0.69,
   0.83
  ],
  [
   0.59,
   0.6,
   0.41,
   0.43,
   0.21,
   0.36,
   0.22,
   0.23,
   0.2,
   0.17
  ],
  [
   0.6,
   0.6,
   0.49,
   0.46,
   0.36,
   0.27,
   0.31,
   0.23,
   0.45,
   0.23
  ],
  [
   0.58,
   0.58,
   0.44,
   0.44,
   0.22,
   0.31,
   0.26,
   0.31,
   0.26,
   0.48
  ],
  [
   0.58,
   0.6,
   0.42,
   0.39,
   0.23,
   0.23,
   0.31,
   0.22,
   0.2,
   0.23
  ],
  [
   0.85,
   0.78,
   0.83,
   0.69,
   0.2,
   0.45,
   0.26,
   0.2,
   0.01,
   0.12
  ],
  [
   0.78,
   0.84,
   0.7,
   0.83,
   0.17,
   0.23,
   0.48,
   0.23,
   0.12,
   0.01
  ]
 ],
 "chain_pair_pae_min": [
  [
   0.76,
   1.55,
   1.27,
   1.72,
   4.41,
   4.5,
   3.94,
   3.49,
   2.05,
   3.56
  ],
  [
   1.57,
   0.76,
   1.71,
   1.29,
   3.96,
   4.06,
   4.29,
   3.91,
   3.73,
   2.07
  ],
  [
   1.33,
   1.83,
   0.76,
   4.47,
   8.19,
   7.06,
   7.54,
   7.93,
   2.75,
   4.4
  ],
  [
   1.86,
   1.35,
   4.46,
   0.76,
   8.06,
   7.58,
   7.33,
   8.12,
   4.54,
   2.76
  ],
  [
   4.41,
   3.58,
   8.21,
   8.43,
   0.79,
   3.06,
   7.73,
   4.46,
   7.09,
   8.31
  ],
  [
   3.18,
   3.42,
   5.4,
   5.41,
   2.52,
   0.8,
   4.04,
   8.33,
   5.36,
   8.52
  ],
  [
   3.13,
   3.13,
   5.37,
   5.45,
   9.01,
   4.16,
   0.8,
   2.76,
   8.88,
   5.61
  ],
  [
   3.9,
   4.45,
   7.95,
   8.9,
   5.05,
   7.66,
   2.71,
   0.79,
   8.52,
   6.72
  ],
  [
   2.25,
   4.01,
   3.11,
   3.83,
   7.39,
   5.08,
   8.17,
   9.21,
   0.8,
   5.16
  ],
  [
   4.01,
   2.22,
   3.84,
   3.2,
   9.2,
   8.06,
   5.34,
   7.55,
   5.25,
   0.8
  ]
 ],
 "chain_ptm": [
  0.74,
  0.73,
  0.63,
  0.63,
  0.21,
  0.27,
  0.26,
  0.22,
  0.01,
  0.01
 ],
 "fraction_disordered": 0.12,
 "has_clash": 0.0,
 "iptm": 0.73,
 "num_recycles": 10.0,
 "ptm": 0.75,
 "ranking_score": 0.79
}